Output (= A * B)
           6
          36
          87
         132
         140
         169
         185
         210
         134
         132
          62
          77
          18
          16
           0
          12
          62
         140
         140
         269
         288
         410
         396
         383
         378
         261
         190
         133
          89
          14
          20
         122
         206
         291
         354
         414
         538
         584
         516
         411
         371
         331
         169
         125
          56
          44
         209
         269
         382
         552
         615
         747
         743
         775
         659
         494
         347
         315
         194
          32
          91
         256
         285
         489
         543
         703
         827
         922
         791
         710
         635
         471
         309
         223
         113
         128
         324
         424
         600
         827
         785
        1010
        1006
         934
         768
         530
         512
         369
         233
          72
         141
         346
         547
         757
         834
         868
        1258
        1128
         975
         859
         688
         480
         341
         269
         100
         165
         423
         573
         803
        1016
        1031
        1328
        1432
        1213
         944
         778
         584
         513
         268
          96
         185
         369
         509
         766
         756
         965
        1092
        1213
        1031
         941
         676
         553
         461
         287
         158
         201
         374
         408
         570
         696
         764
         964
        1046
         852
         687
         507
         388
         329
         225
          55
         143
         266
         378
         582
         550
         677
         767
         775
         734
         583
         511
         317
         289
         217
         104
         115
         276
         326
         417
         379
         437
         572
         599
         486
         388
         295
         213
         198
          88
          58
          70
         193
         280
         359
         366
         387
         479
         526
         458
         326
         213
         141
         146
          91
          39
          49
         130
         161
         200
         193
         233
         286
         330
         299
         188
         170
         106
         115
          78
          24
          10
          26
          65
         110
         135
         165
         199
         232
         210
         185
         138
         100
          93
          60
          36

